2010-03-26	3252	26196	0.1241
2010-03-27	2334	20913	0.1116
2010-03-24	1756	22690	0.0774
2010-03-25	3024	29860	0.1013
2010-03-22	1788	20049	0.0892
2010-03-23	1743	23501	0.0742
2010-03-20	1583	16800	0.0942
2010-03-21	1756	15373	0.1142
2010-04-12	2430	32892	0.0739
2010-03-19	63	734	0.0858
2010-04-10	2466	31029	0.0795
2010-04-11	2228	27449	0.0812
2010-04-09	2955	45868	0.0644
2010-04-08	4417	62253	0.0710
2010-03-28	2533	20734	0.1222
2010-03-29	3150	31423	0.1002
2010-03-31	3099	31451	0.0985
2010-04-06	6345	51040	0.1243
2010-04-14	3551	37506	0.0947
2010-04-01	3625	34410	0.1053
2010-04-15	3030	32884	0.0921
2010-04-04	7034	48749	0.1443
2010-04-03	8739	60302	0.1449
2010-04-02	4964	41983	0.1182
2010-03-30	3086	32536	0.0948
2010-04-05	6846	58350	0.1173
2010-04-13	2714	41333	0.0657
2010-04-07	5992	46217	0.1296
